9,10c9,10
< path:["2"]::reference:8::ref_data:Ok([78, 152, 78, 152, 78, 152, 0, 0, 0, 0, 0, 0, 0, 0, 0, 0, 0, 0, 0, 0, 0, 0, 0, 0, 0, 0, 0, 0, 0, 0, 0, 0, 0, 0, 0, 0, 0, 0, 0, 0, 0, 0, 34, 10, 10, 40, 53, 122, 104, 106, 116, 107, 116, 104, 0, 0, 0, 0, 0, 0, 0, 0, 0, 0, 0, 0, 0, 0, 0, 0, 0, 0, 0, 0, 0, 0, 0, 0, 0, 0, 0, 0, 0, 0, 0, 0, 0, 0, 0, 0, 0, 0, 0, 0, 0, 0, 0, 0, 0, 0, 0, 0, 0, 0, 0, 0, 0, 0, 0, 0, 0, 0, 0, 0, 0, 0, 0, 0, 0, 0, 0, 0, 0, 0, 0, 0, 0, 0, 0, 2, 0, 0, 0, 2, 8, 107, 122, 107, 110, 116, 107, 116, 107, 0, 0, 0, 27, 6, 107, 122, 107, 110, 116, 111, 0, 0, 0, 5, 8, 107, 122, 107, 110, 116, 108, 116, 107, 0, 0, 0, 0, 0, 0, 0, 0, 0, 0, 0, 0, 0, 0, 0, 0, 0, 0, 0, 0, 0, 0, 0, 0, 0, 0, 0, 0, 0, 0, 0, 0, 0, 0, 0, 0, 0, 0, 0, 0, 0, 0, 0, 0, 0, 0, 0, 0, 0, 0, 0, 0, 0, 0, 0, 0, 0, 0, 0, 0, 0, 0, 0, 0, 0])::size:232::ins:6
< path:["2"]::reference:9::ref_data:Ok([0, 0, 0, 0, 11, 251, 83, 44, 0, 0, 0, 0, 11, 251, 83, 44, 0, 0, 0, 0, 11, 251, 83, 44, 0, 0, 0, 0, 0, 0, 0, 0, 0, 0, 0, 0, 34, 9, 104, 106, 107, 106, 104, 106, 104, 106, 110, 0, 0, 0, 0, 0, 0, 0, 0, 0, 0, 0, 0, 0, 0, 0, 0, 0, 0, 0, 0, 0, 0, 0, 0, 0, 0, 0, 0, 0, 0, 0, 0, 0, 0, 0, 0, 0, 0, 0, 0, 0, 0, 0, 0, 0, 0, 0, 0, 0, 0, 0, 0, 0, 0, 0, 0, 0, 0, 0, 0, 0, 0, 0, 0, 0, 0, 0, 0, 0, 0, 0, 0, 0, 0, 0])::size:122::ins:6
---
> path:["2"]::reference:8::ref_data:Ok([78, 152, 78, 152, 78, 152, 0, 0, 0, 0, 0, 0, 0, 0, 0, 0, 0, 0, 0, 0, 0, 0, 0, 0, 0, 0, 0, 0, 0, 0, 0, 0, 0, 0, 0, 0, 0, 0, 0, 0, 0, 0, 35, 10, 10, 40, 53, 122, 104, 106, 116, 107, 116, 104, 0, 0, 0, 0, 0, 0, 0, 0, 0, 0, 0, 0, 0, 0, 0, 0, 0, 0, 0, 0, 0, 0, 0, 0, 0, 0, 0, 0, 0, 0, 0, 0, 0, 0, 0, 0, 0, 0, 0, 0, 0, 0, 0, 0, 0, 0, 0, 0, 0, 0, 0, 0, 0, 0, 0, 0, 0, 0, 0, 0, 0, 0, 0, 0, 0, 0, 0, 0, 0, 0, 0, 0, 0, 0, 0, 2, 0, 0, 0, 2, 8, 107, 122, 107, 110, 116, 107, 116, 107, 0, 0, 0, 27, 6, 107, 122, 107, 110, 116, 111, 0, 0, 0, 6, 8, 107, 122, 107, 110, 116, 108, 116, 107, 0, 0, 0, 0, 0, 0, 0, 0, 0, 0, 0, 0, 0, 0, 0, 0, 0, 0, 0, 0, 0, 0, 0, 0, 0, 0, 0, 0, 0, 0, 0, 0, 0, 0, 0, 0, 0, 0, 0, 0, 0, 0, 0, 0, 0, 0, 0, 0, 0, 0, 0, 0, 0, 0, 0, 0, 0, 0, 0, 0, 0, 0, 0, 0, 0])::size:232::ins:6
> path:["2"]::reference:9::ref_data:Ok([0, 0, 0, 0, 11, 251, 83, 44, 0, 0, 0, 0, 11, 251, 83, 44, 0, 0, 0, 0, 11, 251, 83, 44, 0, 0, 0, 0, 0, 0, 0, 0, 0, 0, 0, 0, 35, 9, 104, 106, 107, 106, 104, 106, 104, 106, 110, 0, 0, 0, 0, 0, 0, 0, 0, 0, 0, 0, 0, 0, 0, 0, 0, 0, 0, 0, 0, 0, 0, 0, 0, 0, 0, 0, 0, 0, 0, 0, 0, 0, 0, 0, 0, 0, 0, 0, 0, 0, 0, 0, 0, 0, 0, 0, 0, 0, 0, 0, 0, 0, 0, 0, 0, 0, 0, 0, 0, 0, 0, 0, 0, 0, 0, 0, 0, 0, 0, 0, 0, 0, 0, 0])::size:122::ins:6
135c135
< path:["3", "16", "1", "1"]::reference:Ok([18, 37, 19, 48, 18, 15, 19, 109, 19, 30, 0, 0, 0])::ref_data:Ok([2, 128, 1])::size:3::ins:1e
---
> path:["3", "16", "1", "1"]::reference:Ok([18, 37, 19, 48, 18, 15, 19, 109, 19, 30, 18, 107, 20, 51, 0, 0, 0])::ref_data:Ok([2, 128, 1])::size:3::ins:1e
150c150
< path:["3", "16", "1"]::reference:252::ref_data:Ok([1, 17])::size:2::ins:2
---
> path:["3", "16", "1"]::reference:252::ref_data:Ok([1, 18])::size:2::ins:2
153c153
< path:["3", "16", "1"]::reference:64515::ref_data:Ok([8, 159, 162, 84, 128, 5, 115, 21, 96])::size:9::ins:e
---
> path:["3", "16", "1"]::reference:64515::ref_data:Ok([8, 159, 162, 84, 128, 5, 115, 57, 64])::size:9::ins:e
159c159
< path:["3", "16", "5", "129"]::reference:16::ref_data:Ok([56, 54, 59, 52, 49])::size:5::ins:6
---
> path:["3", "16", "5", "129"]::reference:16::ref_data:Ok([56, 54, 59, 52, 49, 63, 46])::size:7::ins:6
162c162
< path:["3", "16", "5", "129"]::reference:252::ref_data:Ok([1, 5])::size:2::ins:2
---
> path:["3", "16", "5", "129"]::reference:252::ref_data:Ok([1, 6])::size:2::ins:2
165c165
< path:["3", "16", "5", "129"]::reference:64515::ref_data:Ok([8, 159, 162, 84, 128, 5, 115, 21, 80])::size:9::ins:e
---
> path:["3", "16", "5", "129"]::reference:64515::ref_data:Ok([8, 159, 162, 84, 128, 5, 115, 57, 64])::size:9::ins:e
229,230c229,230
< path:["3", "17", "1", "1"]::reference:na::simple_data:Ok([18, 37, 19, 48, 18, 15, 19, 109, 19, 30, 0, 0, 0, 3, 208, 0, 1])::size:17::ins:1b
< path:["3", "17", "1", "1"]::reference:na::simple_data:Ok([18, 37, 19, 48, 18, 15, 19, 109, 19, 30, 2, 10, 18, 7, 0, 0, 0, 3, 208, 0, 2])::size:21::ins:1b
---
> path:["3", "17", "1", "1"]::reference:na::simple_data:Ok([18, 37, 19, 48, 18, 15, 19, 109, 19, 30, 18, 107, 20, 51, 0, 0, 0, 3, 208, 0, 1])::size:21::ins:1b
> path:["3", "17", "1", "1"]::reference:na::simple_data:Ok([18, 37, 19, 48, 18, 15, 19, 109, 19, 30, 18, 107, 20, 51, 2, 10, 18, 7, 0, 0, 0, 3, 208, 0, 2])::size:25::ins:1b
619c619
< path:["3", "17", "1"]::reference:252::ref_data:Ok([2, 128, 38])::size:3::ins:6
---
> path:["3", "17", "1"]::reference:252::ref_data:Ok([2, 128, 39])::size:3::ins:6
622c622
< path:["3", "17", "1"]::reference:64515::ref_data:Ok([8, 159, 162, 84, 128, 5, 115, 21, 96])::size:9::ins:e
---
> path:["3", "17", "1"]::reference:64515::ref_data:Ok([8, 159, 162, 84, 128, 5, 115, 57, 64])::size:9::ins:e
629c629
< path:["3", "17", "5", "0"]::reference:16::ref_data:Ok([56, 54, 59, 52, 49])::size:5::ins:6
---
> path:["3", "17", "5", "0"]::reference:16::ref_data:Ok([56, 54, 59, 52, 49, 63, 46])::size:7::ins:6
641c641
< path:["3", "17", "5", "0"]::reference:252::ref_data:Ok([1, 22])::size:2::ins:2
---
> path:["3", "17", "5", "0"]::reference:252::ref_data:Ok([1, 23])::size:2::ins:2
644c644
< path:["3", "17", "5", "0"]::reference:64515::ref_data:Ok([8, 159, 162, 84, 128, 5, 115, 21, 80])::size:9::ins:e
---
> path:["3", "17", "5", "0"]::reference:64515::ref_data:Ok([8, 159, 162, 84, 128, 5, 115, 57, 64])::size:9::ins:e
649c649
< path:["3", "17", "5", "0"]::reference:16::ref_data:Ok([56, 54, 59, 52, 49, 122, 104])::size:7::ins:6
---
> path:["3", "17", "5", "0"]::reference:16::ref_data:Ok([56, 54, 59, 52, 49, 63, 46, 122, 104])::size:9::ins:6
663c663
< path:["3", "17", "5", "0"]::reference:252::ref_data:Ok([1, 53])::size:2::ins:2
---
> path:["3", "17", "5", "0"]::reference:252::ref_data:Ok([1, 54])::size:2::ins:2
666c666
< path:["3", "17", "5", "0"]::reference:64515::ref_data:Ok([8, 159, 162, 84, 128, 5, 115, 21, 80])::size:9::ins:e
---
> path:["3", "17", "5", "0"]::reference:64515::ref_data:Ok([8, 159, 162, 84, 128, 5, 115, 57, 64])::size:9::ins:e
863,864c863,864
< path:["4", "1", "1"]::reference:na::simple_data:Ok([18, 37, 19, 48, 18, 15, 19, 109, 19, 30, 0, 0, 0, 1, 1])::size:15::ins:1a
< path:["4", "1", "1"]::reference:na::simple_data:Ok([18, 37, 19, 48, 18, 15, 19, 109, 19, 30, 2, 10, 18, 7, 0, 0, 0, 1, 6])::size:19::ins:1a
---
> path:["4", "1", "1"]::reference:na::simple_data:Ok([18, 37, 19, 48, 18, 15, 19, 109, 19, 30, 18, 107, 20, 51, 0, 0, 0, 1, 1])::size:19::ins:1a
> path:["4", "1", "1"]::reference:na::simple_data:Ok([18, 37, 19, 48, 18, 15, 19, 109, 19, 30, 18, 107, 20, 51, 2, 10, 18, 7, 0, 0, 0, 1, 6])::size:23::ins:1a
885c885
< path:["4", "1", "7", "1"]::reference:16::ref_data:Ok([56, 54, 59, 52, 49])::size:5::ins:6
---
> path:["4", "1", "7", "1"]::reference:16::ref_data:Ok([56, 54, 59, 52, 49, 63, 46])::size:7::ins:6
925c925
< path:["4", "1", "7", "6"]::reference:16::ref_data:Ok([56, 54, 59, 52, 49, 122, 104])::size:7::ins:6
---
> path:["4", "1", "7", "6"]::reference:16::ref_data:Ok([56, 54, 59, 52, 49, 63, 46, 122, 104])::size:9::ins:6
941c941
< path:["4", "1"]::reference:252::ref_data:Ok([2, 128, 165])::size:3::ins:6
---
> path:["4", "1"]::reference:252::ref_data:Ok([2, 128, 168])::size:3::ins:6
944c944
< path:["4", "1"]::reference:64515::ref_data:Ok([8, 159, 162, 84, 128, 5, 115, 21, 96])::size:9::ins:e
---
> path:["4", "1"]::reference:64515::ref_data:Ok([8, 159, 162, 84, 128, 5, 115, 57, 64])::size:9::ins:e
987c987
< path:["4", "5", "1", "13", "1", "0", "0"]::reference:na::simple_data:Ok([6])::size:1::ins:0
---
> path:["4", "5", "1", "13", "1", "0", "0"]::reference:na::simple_data:Ok([7])::size:1::ins:0
1005c1005
< path:["4", "5", "1", "13", "3", "2"]::reference:7::ref_data:Ok([0, 0, 0, 1, 2, 1, 6])::size:7::ins:6
---
> path:["4", "5", "1", "13", "3", "2"]::reference:7::ref_data:Ok([0, 0, 0, 1, 2, 1, 7])::size:7::ins:6
1010,1013c1010,1013
< path:["4", "5", "1", "13", "5"]::reference:0::ref_data:Ok([1, 6])::size:2::ins:2
< path:["4", "5", "1", "13", "5", "6"]::reference:PUSH::ref_data:Ok([6])::size:1::ins:20
< path:["4", "5", "1", "13", "5", "6"]::reference:NOOP::ref_data:None::size:0::ins:80
< path:["4", "5", "1", "13", "5", "6"]::reference:13::ref_data:Ok([0, 14, 9, 0, 0, 0, 0, 163, 0, 0, 0, 0, 0, 0, 0, 0, 0, 0, 0, 44, 0, 46, 221, 0, 0, 0, 0, 2, 0, 89, 0, 101, 0, 115, 0, 0, 0, 0, 0, 0, 0, 0, 0, 0, 0, 78, 0, 111, 0, 0, 0, 0, 0, 0, 0, 0, 0, 0, 0, 0, 0, 0, 1, 1, 0, 47, 3, 1, 6, 8, 0, 0, 0, 0, 0, 0, 0, 0, 0, 0, 0, 0, 0, 0, 0, 0, 0, 44, 0, 32, 0, 0, 0, 0, 0, 0, 0, 0, 0, 0, 0, 0, 0, 32, 0, 0, 0, 0, 0, 0, 0, 0, 0, 0, 0, 0, 0, 0, 0, 32, 0, 0, 0, 0, 0, 0, 0, 0, 0, 0, 0, 0, 0, 0, 0, 0, 0, 0, 0, 0, 0, 0, 0, 0, 0, 0, 0, 0, 0, 0, 0, 159, 0, 0, 1, 0, 0, 58, 0, 32, 0, 97, 0, 109, 0, 0, 0, 0, 0, 0, 0, 0, 0, 0, 0, 32, 0, 112, 0, 109, 0, 0, 0, 0, 0, 0, 0, 0, 0, 0, 0, 0, 0, 0, 0, 0, 0, 0, 0, 0, 0, 0, 0, 0, 0, 0, 0, 0, 0, 0, 0, 5, 0])::size:213::ins:6
---
> path:["4", "5", "1", "13", "5"]::reference:0::ref_data:Ok([1, 7])::size:2::ins:2
> path:["4", "5", "1", "13", "5", "7"]::reference:PUSH::ref_data:Ok([7])::size:1::ins:20
> path:["4", "5", "1", "13", "5", "7"]::reference:NOOP::ref_data:None::size:0::ins:80
> path:["4", "5", "1", "13", "5", "7"]::reference:13::ref_data:Ok([0, 14, 9, 0, 0, 0, 0, 163, 0, 0, 0, 0, 0, 0, 0, 0, 0, 0, 0, 44, 0, 46, 221, 0, 0, 0, 0, 2, 0, 89, 0, 101, 0, 115, 0, 0, 0, 0, 0, 0, 0, 0, 0, 0, 0, 78, 0, 111, 0, 0, 0, 0, 0, 0, 0, 0, 0, 0, 0, 0, 0, 0, 1, 1, 0, 47, 3, 1, 6, 8, 0, 0, 0, 0, 0, 0, 0, 0, 0, 0, 0, 0, 0, 0, 0, 0, 0, 44, 0, 32, 0, 0, 0, 0, 0, 0, 0, 0, 0, 0, 0, 0, 0, 32, 0, 0, 0, 0, 0, 0, 0, 0, 0, 0, 0, 0, 0, 0, 0, 32, 0, 0, 0, 0, 0, 0, 0, 0, 0, 0, 0, 0, 0, 0, 0, 0, 0, 0, 0, 0, 0, 0, 0, 0, 0, 0, 0, 0, 0, 0, 0, 159, 0, 0, 1, 0, 0, 58, 0, 32, 0, 97, 0, 109, 0, 0, 0, 0, 0, 0, 0, 0, 0, 0, 0, 32, 0, 112, 0, 109, 0, 0, 0, 0, 0, 0, 0, 0, 0, 0, 0, 0, 0, 0, 0, 0, 0, 0, 0, 0, 0, 0, 0, 0, 0, 0, 0, 0, 0, 0, 0, 5, 0])::size:213::ins:6
1016c1016
< path:["4", "5", "1", "13"]::segment:7::data:Ok([8, 6, 18, 174, 5, 8, 1, 16, 6, 24, 128, 129, 128, 160, 3, 34, 36, 9, 0, 0, 0, 0, 0, 0, 56, 64, 17, 0, 0, 0, 0, 0, 0, 0, 0, 25, 0, 0, 0, 0, 0, 128, 70, 64, 33, 0, 0, 0, 0, 0, 0, 94, 64, 42, 229, 4, 10, 224, 4, 10, 164, 2, 8, 1, 16, 1, 26, 157, 2, 10, 7, 8, 1, 146, 1, 2, 8, 0, 10, 24, 8, 7, 42, 20, 13, 168, 198, 43, 63, 21, 168, 198, 43, 63, 29, 168, 198, 43, 63, 37, 0, 0, 128, 63, 10, 24, 8, 21, 42, 20, 13, 0, 0, 0, 63, 21, 0, 0, 0, 63, 29, 0, 0, 0, 63, 37, 0, 0, 128, 63, 10, 24, 8, 22, 42, 20, 13, 0, 0, 0, 63, 21, 0, 0, 0, 63, 29, 0, 0, 0, 63, 37, 0, 0, 128, 63, 10, 24, 8, 23, 42, 20, 13, 0, 0, 0, 63, 21, 0, 0, 0, 63, 29, 0, 0, 0, 63, 37, 0, 0, 128, 63, 10, 4, 8, 24, 24, 1, 10, 34, 8, 32, 106, 30, 10, 13, 9, 0, 0, 0, 0, 0, 0, 0, 0, 16, 6, 24, 0, 18, 13, 9, 0, 0, 0, 0, 0, 0, 0, 0, 16, 6, 24, 0, 10, 34, 8, 33, 106, 30, 10, 13, 9, 0, 0, 0, 0, 0, 0, 0, 0, 16, 6, 24, 0, 18, 13, 9, 0, 0, 0, 0, 0, 0, 0, 0, 16, 6, 24, 0, 10, 34, 8, 34, 106, 30, 10, 13, 9, 0, 0, 0, 0, 0, 0, 0, 0, 16, 6, 24, 0, 18, 13, 9, 0, 0, 0, 0, 0, 0, 0, 0, 16, 6, 24, 0, 10, 34, 8, 35, 106, 30, 10, 13, 9, 0, 0, 0, 0, 0, 0, 0, 0, 16, 6, 24, 0, 18, 13, 9, 0, 0, 0, 0, 0, 0, 0, 0, 16, 6, 24, 0, 10, 6, 8, 36, 98, 2, 8, 0, 10, 5, 8, 229, 4, 24, 0, 10, 5, 8, 230, 4, 24, 1, 10, 90, 8, 1, 16, 2, 26, 84, 10, 24, 8, 21, 42, 20, 13, 0, 0, 0, 63, 21, 0, 0, 0, 63, 29, 0, 0, 0, 63, 37, 0, 0, 128, 63, 10, 24, 8, 22, 42, 20, 13, 0, 0, 0, 63, 21, 0, 0, 0, 63, 29, 0, 0, 0, 63, 37, 0, 0, 128, 63, 10, 24, 8, 23, 42, 20, 13, 0, 0, 0, 63, 21, 0, 0, 0, 63, 29, 0, 0, 0, 63, 37, 0, 0, 128, 63, 10, 4, 8, 24, 24, 1, 10, 90, 8, 1, 16, 4, 26, 84, 10, 24, 8, 21, 42, 20, 13, 0, 0, 0, 63, 21, 0, 0, 0, 63, 29, 0, 0, 0, 63, 37, 0, 0, 128, 63, 10, 24, 8, 22, 42, 20, 13, 0, 0, 0, 63, 21, 0, 0, 0, 63, 29, 0, 0, 0, 63, 37, 0, 0, 128, 63, 10, 24, 8, 23, 42, 20, 13, 0, 0, 0, 63, 21, 0, 0, 0, 63, 29, 0, 0, 0, 63, 37, 0, 0, 128, 63, 10, 4, 8, 24, 24, 1, 10, 33, 8, 4, 16, 2, 26, 27, 10, 25, 8, 130, 4, 42, 20, 13, 231, 230, 102, 63, 21, 231, 230, 102, 63, 29, 231, 230, 102, 63, 37, 0, 0, 128, 63, 10, 33, 8, 4, 16, 4, 26, 27, 10, 25, 8, 130, 4, 42, 20, 13, 231, 230, 102, 63, 21, 231, 230, 102, 63, 29, 231, 230, 102, 63, 37, 0, 0, 128, 63, 10, 57, 8, 6, 16, 1, 26, 51, 10, 24, 8, 22, 42, 20, 13, 0, 0, 0, 63, 21, 0, 0, 0, 63, 29, 0, 0, 0, 63, 37, 0, 0, 128, 63, 10, 4, 8, 26, 24, 5, 10, 17, 8, 30, 50, 13, 9, 0, 0, 0, 0, 0, 0, 240, 63, 16, 6, 24, 0, 24, 61, 66, 20, 8, 0, 18, 6, 8, 0, 16, 0, 24, 1, 24, 1, 32, 0, 40, 0, 56, 1, 64, 1])::size:691::ins:7
---
> path:["4", "5", "1", "13"]::segment:7::data:Ok([8, 7, 18, 174, 5, 8, 1, 16, 7, 24, 128, 129, 128, 160, 3, 34, 36, 9, 0, 0, 0, 0, 0, 0, 56, 64, 17, 0, 0, 0, 0, 0, 0, 0, 0, 25, 0, 0, 0, 0, 0, 128, 70, 64, 33, 0, 0, 0, 0, 0, 0, 94, 64, 42, 229, 4, 10, 224, 4, 10, 164, 2, 8, 1, 16, 1, 26, 157, 2, 10, 7, 8, 1, 146, 1, 2, 8, 0, 10, 24, 8, 7, 42, 20, 13, 168, 198, 43, 63, 21, 168, 198, 43, 63, 29, 168, 198, 43, 63, 37, 0, 0, 128, 63, 10, 24, 8, 21, 42, 20, 13, 0, 0, 0, 63, 21, 0, 0, 0, 63, 29, 0, 0, 0, 63, 37, 0, 0, 128, 63, 10, 24, 8, 22, 42, 20, 13, 0, 0, 0, 63, 21, 0, 0, 0, 63, 29, 0, 0, 0, 63, 37, 0, 0, 128, 63, 10, 24, 8, 23, 42, 20, 13, 0, 0, 0, 63, 21, 0, 0, 0, 63, 29, 0, 0, 0, 63, 37, 0, 0, 128, 63, 10, 4, 8, 24, 24, 1, 10, 34, 8, 32, 106, 30, 10, 13, 9, 0, 0, 0, 0, 0, 0, 0, 0, 16, 6, 24, 0, 18, 13, 9, 0, 0, 0, 0, 0, 0, 0, 0, 16, 6, 24, 0, 10, 34, 8, 33, 106, 30, 10, 13, 9, 0, 0, 0, 0, 0, 0, 0, 0, 16, 6, 24, 0, 18, 13, 9, 0, 0, 0, 0, 0, 0, 0, 0, 16, 6, 24, 0, 10, 34, 8, 34, 106, 30, 10, 13, 9, 0, 0, 0, 0, 0, 0, 0, 0, 16, 6, 24, 0, 18, 13, 9, 0, 0, 0, 0, 0, 0, 0, 0, 16, 6, 24, 0, 10, 34, 8, 35, 106, 30, 10, 13, 9, 0, 0, 0, 0, 0, 0, 0, 0, 16, 6, 24, 0, 18, 13, 9, 0, 0, 0, 0, 0, 0, 0, 0, 16, 6, 24, 0, 10, 6, 8, 36, 98, 2, 8, 0, 10, 5, 8, 229, 4, 24, 0, 10, 5, 8, 230, 4, 24, 1, 10, 90, 8, 1, 16, 2, 26, 84, 10, 24, 8, 21, 42, 20, 13, 0, 0, 0, 63, 21, 0, 0, 0, 63, 29, 0, 0, 0, 63, 37, 0, 0, 128, 63, 10, 24, 8, 22, 42, 20, 13, 0, 0, 0, 63, 21, 0, 0, 0, 63, 29, 0, 0, 0, 63, 37, 0, 0, 128, 63, 10, 24, 8, 23, 42, 20, 13, 0, 0, 0, 63, 21, 0, 0, 0, 63, 29, 0, 0, 0, 63, 37, 0, 0, 128, 63, 10, 4, 8, 24, 24, 1, 10, 90, 8, 1, 16, 4, 26, 84, 10, 24, 8, 21, 42, 20, 13, 0, 0, 0, 63, 21, 0, 0, 0, 63, 29, 0, 0, 0, 63, 37, 0, 0, 128, 63, 10, 24, 8, 22, 42, 20, 13, 0, 0, 0, 63, 21, 0, 0, 0, 63, 29, 0, 0, 0, 63, 37, 0, 0, 128, 63, 10, 24, 8, 23, 42, 20, 13, 0, 0, 0, 63, 21, 0, 0, 0, 63, 29, 0, 0, 0, 63, 37, 0, 0, 128, 63, 10, 4, 8, 24, 24, 1, 10, 33, 8, 4, 16, 2, 26, 27, 10, 25, 8, 130, 4, 42, 20, 13, 231, 230, 102, 63, 21, 231, 230, 102, 63, 29, 231, 230, 102, 63, 37, 0, 0, 128, 63, 10, 33, 8, 4, 16, 4, 26, 27, 10, 25, 8, 130, 4, 42, 20, 13, 231, 230, 102, 63, 21, 231, 230, 102, 63, 29, 231, 230, 102, 63, 37, 0, 0, 128, 63, 10, 57, 8, 6, 16, 1, 26, 51, 10, 24, 8, 22, 42, 20, 13, 0, 0, 0, 63, 21, 0, 0, 0, 63, 29, 0, 0, 0, 63, 37, 0, 0, 128, 63, 10, 4, 8, 26, 24, 5, 10, 17, 8, 30, 50, 13, 9, 0, 0, 0, 0, 0, 0, 240, 63, 16, 6, 24, 0, 24, 61, 66, 20, 8, 0, 18, 6, 8, 0, 16, 0, 24, 1, 24, 1, 32, 0, 40, 0, 56, 1, 64, 1])::size:691::ins:7
1028c1028
< path:["4", "5", "1", "13", "10"]::reference:Ok([0, 24, 0, 0, 0, 0])::ref_data:Ok([0, 2, 1, 6, 0, 0, 0, 0, 1])::size:9::ins:1e
---
> path:["4", "5", "1", "13", "10"]::reference:Ok([0, 24, 0, 0, 0, 0])::ref_data:Ok([0, 2, 1, 7, 0, 0, 0, 0, 1])::size:9::ins:1e
1032c1032
< path:["4", "5", "1", "13", "21"]::reference:1::ref_data:Ok([0, 2, 1, 6, 0, 0, 0, 0, 1])::size:9::ins:e
---
> path:["4", "5", "1", "13", "21"]::reference:1::ref_data:Ok([0, 2, 1, 7, 0, 0, 0, 0, 1])::size:9::ins:e
1035c1035
< path:["4", "5", "1"]::reference:16::ref_data:Ok([56, 54, 59, 52, 49])::size:5::ins:6
---
> path:["4", "5", "1"]::reference:16::ref_data:Ok([56, 54, 59, 52, 49, 63, 46])::size:7::ins:6
1043c1043
< path:["4", "5", "1"]::reference:252::ref_data:Ok([2, 128, 67])::size:3::ins:6
---
> path:["4", "5", "1"]::reference:252::ref_data:Ok([2, 128, 68])::size:3::ins:6
1046c1046
< path:["4", "5", "1"]::reference:64515::ref_data:Ok([8, 159, 162, 84, 128, 5, 115, 21, 96])::size:9::ins:e
---
> path:["4", "5", "1"]::reference:64515::ref_data:Ok([8, 159, 162, 84, 128, 5, 115, 57, 64])::size:9::ins:e
1112c1112
< path:["4", "5", "2"]::segment:7::data:Ok([8, 1, 8, 2, 8, 3, 8, 4, 18, 79, 8, 2, 16, 4, 24, 128, 128, 128, 128, 3, 34, 36, 9, 0, 0, 0, 0, 0, 32, 115, 64, 17, 139, 108, 231, 251, 169, 17, 128, 64, 25, 0, 0, 0, 0, 0, 112, 116, 64, 33, 0, 0, 0, 0, 0, 40, 130, 64, 42, 25, 10, 21, 10, 19, 8, 1, 16, 1, 26, 13, 10, 4, 8, 74, 24, 3, 10, 5, 8, 229, 4, 24, 0, 24, 70, 58, 2, 8, 0, 18, 98, 8, 1, 16, 3, 24, 128, 128, 128, 128, 3, 34, 36, 9, 0, 0, 0, 0, 0, 192, 114, 64, 17, 0, 0, 0, 0, 0, 136, 130, 64, 25, 0, 0, 0, 0, 0, 48, 121, 64, 33, 0, 0, 0, 0, 0, 248, 136, 64, 42, 19, 10, 15, 10, 13, 8, 1, 16, 1, 26, 7, 10, 5, 8, 229, 4, 24, 0, 24, 61, 66, 24, 8, 160, 128, 64, 18, 8, 8, 129, 129, 65, 16, 8, 24, 1, 24, 1, 32, 0, 40, 0, 56, 1, 64, 1, 152, 3, 4, 18, 98, 8, 1, 16, 1, 24, 128, 128, 128, 128, 3, 34, 36, 9, 0, 0, 0, 0, 0, 192, 108, 64, 17, 0, 0, 0, 0, 0, 64, 113, 64, 25, 0, 0, 0, 0, 0, 80, 112, 64, 33, 0, 0, 0, 0, 0, 48, 118, 64, 42, 19, 10, 15, 10, 13, 8, 1, 16, 1, 26, 7, 10, 5, 8, 229, 4, 24, 0, 24, 61, 66, 24, 8, 160, 128, 64, 18, 8, 8, 129, 129, 65, 16, 1, 24, 1, 24, 1, 32, 0, 40, 0, 56, 1, 64, 1, 152, 3, 2, 18, 79, 8, 2, 16, 2, 24, 128, 128, 128, 128, 3, 34, 36, 9, 0, 0, 0, 0, 0, 96, 109, 64, 17, 85, 76, 165, 159, 112, 189, 101, 64, 25, 0, 0, 0, 0, 0, 0, 112, 64, 33, 0, 0, 0, 0, 0, 144, 112, 64, 42, 25, 10, 21, 10, 19, 8, 1, 16, 1, 26, 13, 10, 4, 8, 74, 24, 3, 10, 5, 8, 229, 4, 24, 0, 24, 70, 58, 2, 8, 0])::size:370::ins:7
---
> path:["4", "5", "2"]::segment:7::data:Ok([8, 1, 8, 2, 8, 3, 8, 4, 18, 79, 8, 2, 16, 2, 24, 128, 128, 128, 128, 3, 34, 36, 9, 0, 0, 0, 0, 0, 96, 109, 64, 17, 85, 76, 165, 159, 112, 189, 101, 64, 25, 0, 0, 0, 0, 0, 0, 112, 64, 33, 0, 0, 0, 0, 0, 144, 112, 64, 42, 25, 10, 21, 10, 19, 8, 1, 16, 1, 26, 13, 10, 4, 8, 74, 24, 3, 10, 5, 8, 229, 4, 24, 0, 24, 70, 58, 2, 8, 0, 18, 98, 8, 1, 16, 1, 24, 128, 128, 128, 128, 3, 34, 36, 9, 0, 0, 0, 0, 0, 192, 108, 64, 17, 0, 0, 0, 0, 0, 64, 113, 64, 25, 0, 0, 0, 0, 0, 80, 112, 64, 33, 0, 0, 0, 0, 0, 48, 118, 64, 42, 19, 10, 15, 10, 13, 8, 1, 16, 1, 26, 7, 10, 5, 8, 229, 4, 24, 0, 24, 61, 66, 24, 8, 160, 128, 64, 18, 8, 8, 129, 129, 65, 16, 1, 24, 1, 24, 1, 32, 0, 40, 0, 56, 1, 64, 1, 152, 3, 2, 18, 98, 8, 1, 16, 3, 24, 128, 128, 128, 128, 3, 34, 36, 9, 0, 0, 0, 0, 0, 192, 114, 64, 17, 0, 0, 0, 0, 0, 136, 130, 64, 25, 0, 0, 0, 0, 0, 48, 121, 64, 33, 0, 0, 0, 0, 0, 248, 136, 64, 42, 19, 10, 15, 10, 13, 8, 1, 16, 1, 26, 7, 10, 5, 8, 229, 4, 24, 0, 24, 61, 66, 24, 8, 160, 128, 64, 18, 8, 8, 129, 129, 65, 16, 8, 24, 1, 24, 1, 32, 0, 40, 0, 56, 1, 64, 1, 152, 3, 4, 18, 79, 8, 2, 16, 4, 24, 128, 128, 128, 128, 3, 34, 36, 9, 0, 0, 0, 0, 0, 32, 115, 64, 17, 139, 108, 231, 251, 169, 17, 128, 64, 25, 0, 0, 0, 0, 0, 112, 116, 64, 33, 0, 0, 0, 0, 0, 40, 130, 64, 42, 25, 10, 21, 10, 19, 8, 1, 16, 1, 26, 13, 10, 4, 8, 74, 24, 3, 10, 5, 8, 229, 4, 24, 0, 24, 70, 58, 2, 8, 0])::size:370::ins:7
1215c1215
< path:["4", "5", "2"]::reference:252::ref_data:Ok([1, 41])::size:2::ins:2
---
> path:["4", "5", "2"]::reference:252::ref_data:Ok([1, 42])::size:2::ins:2
1218c1218
< path:["4", "5", "2"]::reference:64515::ref_data:Ok([8, 159, 162, 84, 128, 5, 115, 21, 96])::size:9::ins:e
---
> path:["4", "5", "2"]::reference:64515::ref_data:Ok([8, 159, 162, 84, 128, 5, 115, 57, 64])::size:9::ins:e
1616c1616
< path:["4", "5", "6"]::segment:7::data:Ok([8, 1, 8, 2, 8, 3, 8, 4, 18, 79, 8, 2, 16, 2, 24, 128, 128, 128, 128, 3, 34, 36, 9, 0, 0, 0, 0, 0, 64, 108, 64, 17, 141, 91, 204, 207, 77, 130, 118, 64, 25, 0, 0, 0, 0, 0, 224, 110, 64, 33, 255, 255, 255, 255, 255, 207, 123, 64, 42, 25, 10, 21, 10, 19, 8, 1, 16, 1, 26, 13, 10, 4, 8, 74, 24, 3, 10, 5, 8, 229, 4, 24, 0, 24, 70, 58, 2, 8, 0, 18, 98, 8, 1, 16, 1, 24, 128, 128, 128, 128, 3, 34, 36, 9, 0, 0, 0, 0, 0, 160, 107, 64, 17, 0, 0, 0, 0, 0, 128, 124, 64, 25, 0, 0, 0, 0, 0, 176, 116, 64, 33, 0, 0, 0, 0, 0, 72, 138, 64, 42, 19, 10, 15, 10, 13, 8, 1, 16, 1, 26, 7, 10, 5, 8, 229, 4, 24, 0, 24, 61, 66, 24, 8, 160, 128, 64, 18, 8, 8, 130, 129, 65, 16, 3, 24, 1, 24, 1, 32, 0, 40, 0, 56, 1, 64, 1, 152, 3, 2, 18, 98, 8, 1, 16, 3, 24, 128, 128, 128, 128, 3, 34, 36, 9, 0, 0, 0, 0, 0, 112, 122, 64, 17, 0, 0, 0, 0, 0, 56, 128, 64, 25, 0, 0, 0, 0, 0, 96, 124, 64, 33, 0, 0, 0, 0, 0, 176, 130, 64, 42, 19, 10, 15, 10, 13, 8, 1, 16, 1, 26, 7, 10, 5, 8, 229, 4, 24, 0, 24, 61, 66, 24, 8, 160, 128, 64, 18, 8, 8, 130, 129, 65, 16, 1, 24, 1, 24, 1, 32, 0, 40, 0, 56, 1, 64, 1, 152, 3, 4, 18, 79, 8, 2, 16, 4, 24, 128, 128, 128, 128, 3, 34, 36, 9, 0, 0, 0, 0, 0, 192, 122, 64, 17, 42, 166, 210, 79, 184, 14, 122, 64, 25, 0, 0, 0, 0, 0, 16, 124, 64, 33, 255, 255, 255, 255, 255, 191, 127, 64, 42, 25, 10, 21, 10, 19, 8, 1, 16, 1, 26, 13, 10, 4, 8, 74, 24, 3, 10, 5, 8, 229, 4, 24, 0, 24, 70, 58, 2, 8, 0])::size:370::ins:7
---
> path:["4", "5", "6"]::segment:7::data:Ok([8, 1, 8, 2, 8, 3, 8, 4, 18, 79, 8, 2, 16, 4, 24, 128, 128, 128, 128, 3, 34, 36, 9, 0, 0, 0, 0, 0, 192, 122, 64, 17, 42, 166, 210, 79, 184, 14, 122, 64, 25, 0, 0, 0, 0, 0, 16, 124, 64, 33, 255, 255, 255, 255, 255, 191, 127, 64, 42, 25, 10, 21, 10, 19, 8, 1, 16, 1, 26, 13, 10, 4, 8, 74, 24, 3, 10, 5, 8, 229, 4, 24, 0, 24, 70, 58, 2, 8, 0, 18, 98, 8, 1, 16, 3, 24, 128, 128, 128, 128, 3, 34, 36, 9, 0, 0, 0, 0, 0, 112, 122, 64, 17, 0, 0, 0, 0, 0, 56, 128, 64, 25, 0, 0, 0, 0, 0, 96, 124, 64, 33, 0, 0, 0, 0, 0, 176, 130, 64, 42, 19, 10, 15, 10, 13, 8, 1, 16, 1, 26, 7, 10, 5, 8, 229, 4, 24, 0, 24, 61, 66, 24, 8, 160, 128, 64, 18, 8, 8, 130, 129, 65, 16, 1, 24, 1, 24, 1, 32, 0, 40, 0, 56, 1, 64, 1, 152, 3, 4, 18, 98, 8, 1, 16, 1, 24, 128, 128, 128, 128, 3, 34, 36, 9, 0, 0, 0, 0, 0, 160, 107, 64, 17, 0, 0, 0, 0, 0, 128, 124, 64, 25, 0, 0, 0, 0, 0, 176, 116, 64, 33, 0, 0, 0, 0, 0, 72, 138, 64, 42, 19, 10, 15, 10, 13, 8, 1, 16, 1, 26, 7, 10, 5, 8, 229, 4, 24, 0, 24, 61, 66, 24, 8, 160, 128, 64, 18, 8, 8, 130, 129, 65, 16, 3, 24, 1, 24, 1, 32, 0, 40, 0, 56, 1, 64, 1, 152, 3, 2, 18, 79, 8, 2, 16, 2, 24, 128, 128, 128, 128, 3, 34, 36, 9, 0, 0, 0, 0, 0, 64, 108, 64, 17, 141, 91, 204, 207, 77, 130, 118, 64, 25, 0, 0, 0, 0, 0, 224, 110, 64, 33, 255, 255, 255, 255, 255, 207, 123, 64, 42, 25, 10, 21, 10, 19, 8, 1, 16, 1, 26, 13, 10, 4, 8, 74, 24, 3, 10, 5, 8, 229, 4, 24, 0, 24, 70, 58, 2, 8, 0])::size:370::ins:7
1634c1634
< path:["4", "5", "6", "13", "1", "0", "0"]::reference:na::simple_data:Ok([13])::size:1::ins:0
---
> path:["4", "5", "6", "13", "1", "0", "0"]::reference:na::simple_data:Ok([14])::size:1::ins:0
1660c1660
< path:["4", "5", "6", "13", "3", "2"]::reference:7::ref_data:Ok([0, 0, 0, 3, 2, 1, 7, 2, 1, 8, 2, 1, 13])::size:13::ins:6
---
> path:["4", "5", "6", "13", "3", "2"]::reference:7::ref_data:Ok([0, 0, 0, 3, 2, 1, 7, 2, 1, 8, 2, 1, 14])::size:13::ins:6
1665c1665
< path:["4", "5", "6", "13", "5"]::reference:0::ref_data:Ok([1, 13])::size:2::ins:2
---
> path:["4", "5", "6", "13", "5"]::reference:0::ref_data:Ok([1, 14])::size:2::ins:2
1674,1676c1674,1676
< path:["4", "5", "6", "13", "5", "13"]::reference:PUSH::ref_data:Ok([13])::size:1::ins:20
< path:["4", "5", "6", "13", "5", "13"]::reference:NOOP::ref_data:None::size:0::ins:80
< path:["4", "5", "6", "13", "5", "13"]::reference:13::ref_data:Ok([0, 10, 9, 0, 0, 0, 0, 163, 0, 0, 0, 0, 0, 0, 0, 0, 0, 0, 0, 44, 0, 46, 221, 0, 0, 0, 0, 2, 0, 89, 0, 101, 0, 115, 0, 0, 0, 0, 0, 0, 0, 0, 0, 0, 0, 78, 0, 111, 0, 0, 0, 0, 0, 0, 0, 0, 0, 0, 0, 0, 0, 0, 1, 1, 0, 47, 3, 1, 6, 8, 0, 0, 0, 0, 0, 0, 0, 0, 0, 0, 0, 0, 0, 0, 0, 0, 0, 44, 0, 32, 0, 0, 0, 0, 0, 0, 0, 0, 0, 0, 0, 0, 0, 32, 0, 0, 0, 0, 0, 0, 0, 0, 0, 0, 0, 0, 0, 0, 0, 32, 0, 0, 0, 0, 0, 0, 0, 0, 0, 0, 0, 0, 0, 0, 0, 0, 0, 0, 0, 0, 0, 0, 0, 0, 0, 0, 0, 0, 0, 0, 0, 159, 0, 0, 1, 0, 0, 58, 0, 32, 0, 97, 0, 109, 0, 0, 0, 0, 0, 0, 0, 0, 0, 0, 0, 32, 0, 112, 0, 109, 0, 0, 0, 0, 0, 0, 0, 0, 0, 0, 0, 0, 0, 0, 0, 0, 0, 0, 0, 0, 0, 0, 0, 0, 0, 0, 0, 0, 0, 0, 0, 5, 0])::size:213::ins:6
---
> path:["4", "5", "6", "13", "5", "14"]::reference:PUSH::ref_data:Ok([14])::size:1::ins:20
> path:["4", "5", "6", "13", "5", "14"]::reference:NOOP::ref_data:None::size:0::ins:80
> path:["4", "5", "6", "13", "5", "14"]::reference:13::ref_data:Ok([0, 10, 9, 0, 0, 0, 0, 163, 0, 0, 0, 0, 0, 0, 0, 0, 0, 0, 0, 44, 0, 46, 221, 0, 0, 0, 0, 2, 0, 89, 0, 101, 0, 115, 0, 0, 0, 0, 0, 0, 0, 0, 0, 0, 0, 78, 0, 111, 0, 0, 0, 0, 0, 0, 0, 0, 0, 0, 0, 0, 0, 0, 1, 1, 0, 47, 3, 1, 6, 8, 0, 0, 0, 0, 0, 0, 0, 0, 0, 0, 0, 0, 0, 0, 0, 0, 0, 44, 0, 32, 0, 0, 0, 0, 0, 0, 0, 0, 0, 0, 0, 0, 0, 32, 0, 0, 0, 0, 0, 0, 0, 0, 0, 0, 0, 0, 0, 0, 0, 32, 0, 0, 0, 0, 0, 0, 0, 0, 0, 0, 0, 0, 0, 0, 0, 0, 0, 0, 0, 0, 0, 0, 0, 0, 0, 0, 0, 0, 0, 0, 0, 159, 0, 0, 1, 0, 0, 58, 0, 32, 0, 97, 0, 109, 0, 0, 0, 0, 0, 0, 0, 0, 0, 0, 0, 32, 0, 112, 0, 109, 0, 0, 0, 0, 0, 0, 0, 0, 0, 0, 0, 0, 0, 0, 0, 0, 0, 0, 0, 0, 0, 0, 0, 0, 0, 0, 0, 0, 0, 0, 0, 5, 0])::size:213::ins:6
1682,1683c1682,1683
< path:["4", "5", "6", "13", "7"]::segment:1::data:Ok([8, 7, 8, 8, 8, 13, 18, 235, 4, 8, 1, 16, 13, 24, 128, 129, 128, 160, 3, 34, 36, 9, 0, 0, 0, 0, 0, 0, 56, 64, 17, 0, 0, 0, 0, 0, 0, 110, 64, 25, 0, 0, 0, 0, 0, 128, 70, 64, 33, 0, 0, 0, 0, 0, 0, 112, 64, 42, 162, 4, 10, 157, 4, 10, 137, 2, 8, 1, 16, 1, 26, 130, 2, 10, 7, 8, 1, 146, 1, 2, 8, 0, 10, 24, 8, 7, 42, 20, 13, 168, 198, 43, 63, 21, 168, 198, 43, 63, 29, 168, 198, 43, 63, 37, 0, 0, 128, 63, 10, 24, 8, 21, 42, 20, 13, 0, 0, 0, 63, 21, 0, 0, 0, 63, 29, 0, 0, 0, 63, 37, 0, 0, 128, 63, 10, 24, 8, 22, 42, 20, 13, 0, 0, 0, 63, 21, 0, 0, 0, 63, 29, 0, 0, 0, 63, 37, 0, 0, 128, 63, 10, 4, 8, 24, 24, 1, 10, 4, 8, 27, 24, 1, 10, 34, 8, 32, 106, 30, 10, 13, 9, 0, 0, 0, 0, 0, 0, 0, 0, 16, 6, 24, 0, 18, 13, 9, 0, 0, 0, 0, 0, 0, 0, 0, 16, 6, 24, 0, 10, 34, 8, 33, 106, 30, 10, 13, 9, 0, 0, 0, 0, 0, 0, 0, 0, 16, 6, 24, 0, 18, 13, 9, 0, 0, 0, 0, 0, 0, 0, 0, 16, 6, 24, 0, 10, 34, 8, 34, 106, 30, 10, 13, 9, 0, 0, 0, 0, 0, 0, 0, 0, 16, 6, 24, 0, 18, 13, 9, 0, 0, 0, 0, 0, 0, 0, 0, 16, 6, 24, 0, 10, 34, 8, 35, 106, 30, 10, 13, 9, 0, 0, 0, 0, 0, 0, 0, 0, 16, 6, 24, 0, 18, 13, 9, 0, 0, 0, 0, 0, 0, 0, 0, 16, 6, 24, 0, 10, 6, 8, 36, 98, 2, 8, 0, 10, 5, 8, 229, 4, 24, 0, 10, 70, 8, 1, 16, 2, 26, 64, 10, 24, 8, 21, 42, 20, 13, 0, 0, 0, 63, 21, 0, 0, 0, 63, 29, 0, 0, 0, 63, 37, 0, 0, 128, 63, 10, 24, 8, 22, 42, 20, 13, 0, 0, 0, 63, 21, 0, 0, 0, 63, 29, 0, 0, 0, 63, 37, 0, 0, 128, 63, 10, 4, 8, 24, 24, 1, 10, 4, 8, 27, 24, 1, 10, 70, 8, 1, 16, 4, 26, 64, 10, 24, 8, 21, 42, 20, 13, 0, 0, 0, 63, 21, 0, 0, 0, 63, 29, 0, 0, 0, 63, 37, 0, 0, 128, 63, 10, 24, 8, 22, 42, 20, 13, 0, 0, 0, 63, 21, 0, 0, 0, 63, 29, 0, 0, 0, 63, 37, 0, 0, 128, 63, 10, 4, 8, 24, 24, 1, 10, 4, 8, 27, 24, 1, 10, 33, 8, 4, 16, 2, 26, 27, 10, 25, 8, 130, 4, 42, 20, 13, 231, 230, 102, 63, 21, 231, 230, 102, 63, 29, 231, 230, 102, 63, 37, 0, 0, 128, 63, 10, 33, 8, 4, 16, 4, 26, 27, 10, 25, 8, 130, 4, 42, 20, 13, 231, 230, 102, 63, 21, 231, 230, 102, 63, 29, 231, 230, 102, 63, 37, 0, 0, 128, 63, 10, 57, 8, 6, 16, 1, 26, 51, 10, 24, 8, 22, 42, 20, 13, 0, 0, 0, 63, 21, 0, 0, 0, 63, 29, 0, 0, 0, 63, 37, 0, 0, 128, 63, 10, 4, 8, 26, 24, 5, 10, 17, 8, 30, 50, 13, 9, 0, 0, 0, 0, 0, 0, 240, 63, 16, 6, 24, 0, 24, 61, 66, 20, 8, 0, 18, 6, 8, 0, 16, 0, 24, 1, 24, 1, 32, 0, 40, 0, 56, 1, 64, 1, 18, 179, 4, 8, 1, 16, 8, 24, 128, 129, 128, 128, 3, 34, 36, 9, 0, 0, 0, 0, 0, 0, 56, 64, 17, 0, 0, 0, 0, 0, 0, 94, 64, 25, 0, 0, 0, 0, 0, 128, 70, 64, 33, 0, 0, 0, 0, 0, 0, 110, 64, 42, 221, 3, 10, 216, 3, 10, 222, 1, 8, 1, 16, 1, 26, 215, 1, 10, 24, 8, 21, 42, 20, 13, 0, 0, 0, 63, 21, 0, 0, 0, 63, 29, 0, 0, 0, 63, 37, 0, 0, 128, 63, 10, 24, 8, 22, 42, 20, 13, 0, 0, 0, 63, 21, 0, 0, 0, 63, 29, 0, 0, 0, 63, 37, 0, 0, 128, 63, 10, 4, 8, 24, 24, 1, 10, 4, 8, 27, 24, 1, 10, 34, 8, 32, 106, 30, 10, 13, 9, 0, 0, 0, 0, 0, 0, 0, 0, 16, 6, 24, 0, 18, 13, 9, 0, 0, 0, 0, 0, 0, 0, 0, 16, 6, 24, 0, 10, 34, 8, 33, 106, 30, 10, 13, 9, 0, 0, 0, 0, 0, 0, 0, 0, 16, 6, 24, 0, 18, 13, 9, 0, 0, 0, 0, 0, 0, 0, 0, 16, 6, 24, 0, 10, 34, 8, 34, 106, 30, 10, 13, 9, 0, 0, 0, 0, 0, 0, 0, 0, 16, 6, 24, 0, 18, 13, 9, 0, 0, 0, 0, 0, 0, 0, 0, 16, 6, 24, 0, 10, 34, 8, 35, 106, 30, 10, 13, 9, 0, 0, 0, 0, 0, 0, 0, 0, 16, 6, 24, 0, 18, 13, 9, 0, 0, 0, 0, 0, 0, 0, 0, 16, 6, 24, 0, 10, 5, 8, 229, 4, 24, 0, 10, 70, 8, 1, 16, 2, 26, 64, 10, 24, 8, 21, 42, 20, 13, 0, 0, 0, 63, 21, 0, 0, 0, 63, 29, 0, 0, 0, 63, 37, 0, 0, 128, 63, 10, 24, 8, 22, 42, 20, 13, 0, 0, 0, 63, 21, 0, 0, 0, 63, 29, 0, 0, 0, 63, 37, 0, 0, 128, 63, 10, 4, 8, 24, 24, 1, 10, 4, 8, 27, 24, 1, 10, 70, 8, 1, 16, 4, 26, 64, 10, 24, 8, 21, 42, 20, 13, 0, 0, 0])::size:1000::ins:7
< path:["4", "5", "6", "13", "7"]::segment:2::data:Ok([63, 21, 0, 0, 0, 63, 29, 0, 0, 0, 63, 37, 0, 0, 128, 63, 10, 24, 8, 22, 42, 20, 13, 0, 0, 0, 63, 21, 0, 0, 0, 63, 29, 0, 0, 0, 63, 37, 0, 0, 128, 63, 10, 4, 8, 24, 24, 1, 10, 4, 8, 27, 24, 1, 10, 33, 8, 4, 16, 2, 26, 27, 10, 25, 8, 130, 4, 42, 20, 13, 231, 230, 102, 63, 21, 231, 230, 102, 63, 29, 231, 230, 102, 63, 37, 0, 0, 128, 63, 10, 33, 8, 4, 16, 4, 26, 27, 10, 25, 8, 130, 4, 42, 20, 13, 231, 230, 102, 63, 21, 231, 230, 102, 63, 29, 231, 230, 102, 63, 37, 0, 0, 128, 63, 10, 31, 8, 6, 16, 1, 26, 25, 10, 4, 8, 26, 24, 5, 10, 17, 8, 30, 50, 13, 9, 0, 0, 0, 0, 0, 0, 240, 63, 16, 6, 24, 0, 24, 61, 66, 33, 8, 160, 128, 64, 18, 8, 8, 130, 129, 65, 16, 1, 24, 1, 24, 255, 255, 255, 255, 255, 255, 255, 255, 255, 1, 32, 0, 40, 0, 56, 1, 64, 1, 18, 239, 4, 8, 1, 16, 7, 24, 128, 129, 128, 128, 3, 34, 36, 9, 0, 0, 0, 0, 0, 0, 56, 64, 17, 0, 0, 0, 0, 0, 0, 0, 0, 25, 0, 0, 0, 0, 0, 128, 70, 64, 33, 0, 0, 0, 0, 0, 0, 94, 64, 42, 153, 4, 10, 148, 4, 10, 242, 1, 8, 1, 16, 1, 26, 235, 1, 10, 24, 8, 21, 42, 20, 13, 0, 0, 0, 63, 21, 0, 0, 0, 63, 29, 0, 0, 0, 63, 37, 0, 0, 128, 63, 10, 24, 8, 22, 42, 20, 13, 0, 0, 0, 63, 21, 0, 0, 0, 63, 29, 0, 0, 0, 63, 37, 0, 0, 128, 63, 10, 24, 8, 23, 42, 20, 13, 0, 0, 0, 63, 21, 0, 0, 0, 63, 29, 0, 0, 0, 63, 37, 0, 0, 128, 63, 10, 4, 8, 24, 24, 1, 10, 34, 8, 32, 106, 30, 10, 13, 9, 0, 0, 0, 0, 0, 0, 0, 0, 16, 6, 24, 0, 18, 13, 9, 0, 0, 0, 0, 0, 0, 0, 0, 16, 6, 24, 0, 10, 34, 8, 33, 106, 30, 10, 13, 9, 0, 0, 0, 0, 0, 0, 0, 0, 16, 6, 24, 0, 18, 13, 9, 0, 0, 0, 0, 0, 0, 0, 0, 16, 6, 24, 0, 10, 34, 8, 34, 106, 30, 10, 13, 9, 0, 0, 0, 0, 0, 0, 0, 0, 16, 6, 24, 0, 18, 13, 9, 0, 0, 0, 0, 0, 0, 0, 0, 16, 6, 24, 0, 10, 34, 8, 35, 106, 30, 10, 13, 9, 0, 0, 0, 0, 0, 0, 0, 0, 16, 6, 24, 0, 18, 13, 9, 0, 0, 0, 0, 0, 0, 0, 0, 16, 6, 24, 0, 10, 5, 8, 229, 4, 24, 0, 10, 90, 8, 1, 16, 2, 26, 84, 10, 24, 8, 21, 42, 20, 13, 0, 0, 0, 63, 21, 0, 0, 0, 63, 29, 0, 0, 0, 63, 37, 0, 0, 128, 63, 10, 24, 8, 22, 42, 20, 13, 0, 0, 0, 63, 21, 0, 0, 0, 63, 29, 0, 0, 0, 63, 37, 0, 0, 128, 63, 10, 24, 8, 23, 42, 20, 13, 0, 0, 0, 63, 21, 0, 0, 0, 63, 29, 0, 0, 0, 63, 37, 0, 0, 128, 63, 10, 4, 8, 24, 24, 1, 10, 90, 8, 1, 16, 4, 26, 84, 10, 24, 8, 21, 42, 20, 13, 0, 0, 0, 63, 21, 0, 0, 0, 63, 29, 0, 0, 0, 63, 37, 0, 0, 128, 63, 10, 24, 8, 22, 42, 20, 13, 0, 0, 0, 63, 21, 0, 0, 0, 63, 29, 0, 0, 0, 63, 37, 0, 0, 128, 63, 10, 24, 8, 23, 42, 20, 13, 0, 0, 0, 63, 21, 0, 0, 0, 63, 29, 0, 0, 0, 63, 37, 0, 0, 128, 63, 10, 4, 8, 24, 24, 1, 10, 33, 8, 4, 16, 2, 26, 27, 10, 25, 8, 130, 4, 42, 20, 13, 231, 230, 102, 63, 21, 231, 230, 102, 63, 29, 231, 230, 102, 63, 37, 0, 0, 128, 63, 10, 33, 8, 4, 16, 4, 26, 27, 10, 25, 8, 130, 4, 42, 20, 13, 231, 230, 102, 63, 21, 231, 230, 102, 63, 29, 231, 230, 102, 63, 37, 0, 0, 128, 63, 10, 31, 8, 6, 16, 1, 26, 25, 10, 4, 8, 26, 24, 5, 10, 17, 8, 30, 50, 13, 9, 0, 0, 0, 0, 0, 0, 240, 63, 16, 6, 24, 0, 24, 61, 66, 33, 8, 160, 128, 64, 18, 8, 8, 130, 129, 65, 16, 3, 24, 1, 24, 255, 255, 255, 255, 255, 255, 255, 255, 255, 1, 32, 0, 40, 0, 56, 1, 64, 1])::size:820::ins:7
---
> path:["4", "5", "6", "13", "7"]::segment:1::data:Ok([8, 7, 8, 8, 8, 14, 18, 235, 4, 8, 1, 16, 14, 24, 128, 129, 128, 160, 3, 34, 36, 9, 0, 0, 0, 0, 0, 0, 56, 64, 17, 0, 0, 0, 0, 0, 0, 110, 64, 25, 0, 0, 0, 0, 0, 128, 70, 64, 33, 0, 0, 0, 0, 0, 0, 112, 64, 42, 162, 4, 10, 157, 4, 10, 137, 2, 8, 1, 16, 1, 26, 130, 2, 10, 7, 8, 1, 146, 1, 2, 8, 0, 10, 24, 8, 7, 42, 20, 13, 168, 198, 43, 63, 21, 168, 198, 43, 63, 29, 168, 198, 43, 63, 37, 0, 0, 128, 63, 10, 24, 8, 21, 42, 20, 13, 0, 0, 0, 63, 21, 0, 0, 0, 63, 29, 0, 0, 0, 63, 37, 0, 0, 128, 63, 10, 24, 8, 22, 42, 20, 13, 0, 0, 0, 63, 21, 0, 0, 0, 63, 29, 0, 0, 0, 63, 37, 0, 0, 128, 63, 10, 4, 8, 24, 24, 1, 10, 4, 8, 27, 24, 1, 10, 34, 8, 32, 106, 30, 10, 13, 9, 0, 0, 0, 0, 0, 0, 0, 0, 16, 6, 24, 0, 18, 13, 9, 0, 0, 0, 0, 0, 0, 0, 0, 16, 6, 24, 0, 10, 34, 8, 33, 106, 30, 10, 13, 9, 0, 0, 0, 0, 0, 0, 0, 0, 16, 6, 24, 0, 18, 13, 9, 0, 0, 0, 0, 0, 0, 0, 0, 16, 6, 24, 0, 10, 34, 8, 34, 106, 30, 10, 13, 9, 0, 0, 0, 0, 0, 0, 0, 0, 16, 6, 24, 0, 18, 13, 9, 0, 0, 0, 0, 0, 0, 0, 0, 16, 6, 24, 0, 10, 34, 8, 35, 106, 30, 10, 13, 9, 0, 0, 0, 0, 0, 0, 0, 0, 16, 6, 24, 0, 18, 13, 9, 0, 0, 0, 0, 0, 0, 0, 0, 16, 6, 24, 0, 10, 6, 8, 36, 98, 2, 8, 0, 10, 5, 8, 229, 4, 24, 0, 10, 70, 8, 1, 16, 2, 26, 64, 10, 24, 8, 21, 42, 20, 13, 0, 0, 0, 63, 21, 0, 0, 0, 63, 29, 0, 0, 0, 63, 37, 0, 0, 128, 63, 10, 24, 8, 22, 42, 20, 13, 0, 0, 0, 63, 21, 0, 0, 0, 63, 29, 0, 0, 0, 63, 37, 0, 0, 128, 63, 10, 4, 8, 24, 24, 1, 10, 4, 8, 27, 24, 1, 10, 70, 8, 1, 16, 4, 26, 64, 10, 24, 8, 21, 42, 20, 13, 0, 0, 0, 63, 21, 0, 0, 0, 63, 29, 0, 0, 0, 63, 37, 0, 0, 128, 63, 10, 24, 8, 22, 42, 20, 13, 0, 0, 0, 63, 21, 0, 0, 0, 63, 29, 0, 0, 0, 63, 37, 0, 0, 128, 63, 10, 4, 8, 24, 24, 1, 10, 4, 8, 27, 24, 1, 10, 33, 8, 4, 16, 2, 26, 27, 10, 25, 8, 130, 4, 42, 20, 13, 231, 230, 102, 63, 21, 231, 230, 102, 63, 29, 231, 230, 102, 63, 37, 0, 0, 128, 63, 10, 33, 8, 4, 16, 4, 26, 27, 10, 25, 8, 130, 4, 42, 20, 13, 231, 230, 102, 63, 21, 231, 230, 102, 63, 29, 231, 230, 102, 63, 37, 0, 0, 128, 63, 10, 57, 8, 6, 16, 1, 26, 51, 10, 24, 8, 22, 42, 20, 13, 0, 0, 0, 63, 21, 0, 0, 0, 63, 29, 0, 0, 0, 63, 37, 0, 0, 128, 63, 10, 4, 8, 26, 24, 5, 10, 17, 8, 30, 50, 13, 9, 0, 0, 0, 0, 0, 0, 240, 63, 16, 6, 24, 0, 24, 61, 66, 20, 8, 0, 18, 6, 8, 0, 16, 0, 24, 1, 24, 1, 32, 0, 40, 0, 56, 1, 64, 1, 18, 239, 4, 8, 1, 16, 7, 24, 128, 129, 128, 128, 3, 34, 36, 9, 0, 0, 0, 0, 0, 0, 56, 64, 17, 0, 0, 0, 0, 0, 0, 0, 0, 25, 0, 0, 0, 0, 0, 128, 70, 64, 33, 0, 0, 0, 0, 0, 0, 94, 64, 42, 153, 4, 10, 148, 4, 10, 242, 1, 8, 1, 16, 1, 26, 235, 1, 10, 24, 8, 21, 42, 20, 13, 0, 0, 0, 63, 21, 0, 0, 0, 63, 29, 0, 0, 0, 63, 37, 0, 0, 128, 63, 10, 24, 8, 22, 42, 20, 13, 0, 0, 0, 63, 21, 0, 0, 0, 63, 29, 0, 0, 0, 63, 37, 0, 0, 128, 63, 10, 24, 8, 23, 42, 20, 13, 0, 0, 0, 63, 21, 0, 0, 0, 63, 29, 0, 0, 0, 63, 37, 0, 0, 128, 63, 10, 4, 8, 24, 24, 1, 10, 34, 8, 32, 106, 30, 10, 13, 9, 0, 0, 0, 0, 0, 0, 0, 0, 16, 6, 24, 0, 18, 13, 9, 0, 0, 0, 0, 0, 0, 0, 0, 16, 6, 24, 0, 10, 34, 8, 33, 106, 30, 10, 13, 9, 0, 0, 0, 0, 0, 0, 0, 0, 16, 6, 24, 0, 18, 13, 9, 0, 0, 0, 0, 0, 0, 0, 0, 16, 6, 24, 0, 10, 34, 8, 34, 106, 30, 10, 13, 9, 0, 0, 0, 0, 0, 0, 0, 0, 16, 6, 24, 0, 18, 13, 9, 0, 0, 0, 0, 0, 0, 0, 0, 16, 6, 24, 0, 10, 34, 8, 35, 106, 30, 10, 13, 9, 0, 0, 0, 0, 0, 0, 0, 0, 16, 6, 24, 0, 18, 13, 9, 0, 0, 0, 0, 0, 0, 0, 0, 16, 6, 24, 0, 10, 5, 8, 229, 4, 24, 0, 10, 90, 8, 1, 16, 2, 26, 84, 10, 24, 8, 21, 42, 20, 13, 0, 0, 0, 63, 21, 0, 0, 0, 63, 29, 0, 0, 0, 63, 37, 0, 0, 128, 63, 10, 24, 8, 22, 42, 20, 13, 0, 0, 0, 63, 21, 0, 0, 0, 63, 29, 0, 0, 0, 63, 37, 0, 0, 128, 63, 10, 24, 8, 23, 42, 20, 13, 0, 0, 0])::size:1000::ins:7
> path:["4", "5", "6", "13", "7"]::segment:2::data:Ok([63, 21, 0, 0, 0, 63, 29, 0, 0, 0, 63, 37, 0, 0, 128, 63, 10, 4, 8, 24, 24, 1, 10, 90, 8, 1, 16, 4, 26, 84, 10, 24, 8, 21, 42, 20, 13, 0, 0, 0, 63, 21, 0, 0, 0, 63, 29, 0, 0, 0, 63, 37, 0, 0, 128, 63, 10, 24, 8, 22, 42, 20, 13, 0, 0, 0, 63, 21, 0, 0, 0, 63, 29, 0, 0, 0, 63, 37, 0, 0, 128, 63, 10, 24, 8, 23, 42, 20, 13, 0, 0, 0, 63, 21, 0, 0, 0, 63, 29, 0, 0, 0, 63, 37, 0, 0, 128, 63, 10, 4, 8, 24, 24, 1, 10, 33, 8, 4, 16, 2, 26, 27, 10, 25, 8, 130, 4, 42, 20, 13, 231, 230, 102, 63, 21, 231, 230, 102, 63, 29, 231, 230, 102, 63, 37, 0, 0, 128, 63, 10, 33, 8, 4, 16, 4, 26, 27, 10, 25, 8, 130, 4, 42, 20, 13, 231, 230, 102, 63, 21, 231, 230, 102, 63, 29, 231, 230, 102, 63, 37, 0, 0, 128, 63, 10, 31, 8, 6, 16, 1, 26, 25, 10, 4, 8, 26, 24, 5, 10, 17, 8, 30, 50, 13, 9, 0, 0, 0, 0, 0, 0, 240, 63, 16, 6, 24, 0, 24, 61, 66, 33, 8, 160, 128, 64, 18, 8, 8, 130, 129, 65, 16, 3, 24, 1, 24, 255, 255, 255, 255, 255, 255, 255, 255, 255, 1, 32, 0, 40, 0, 56, 1, 64, 1, 18, 179, 4, 8, 1, 16, 8, 24, 128, 129, 128, 128, 3, 34, 36, 9, 0, 0, 0, 0, 0, 0, 56, 64, 17, 0, 0, 0, 0, 0, 0, 94, 64, 25, 0, 0, 0, 0, 0, 128, 70, 64, 33, 0, 0, 0, 0, 0, 0, 110, 64, 42, 221, 3, 10, 216, 3, 10, 222, 1, 8, 1, 16, 1, 26, 215, 1, 10, 24, 8, 21, 42, 20, 13, 0, 0, 0, 63, 21, 0, 0, 0, 63, 29, 0, 0, 0, 63, 37, 0, 0, 128, 63, 10, 24, 8, 22, 42, 20, 13, 0, 0, 0, 63, 21, 0, 0, 0, 63, 29, 0, 0, 0, 63, 37, 0, 0, 128, 63, 10, 4, 8, 24, 24, 1, 10, 4, 8, 27, 24, 1, 10, 34, 8, 32, 106, 30, 10, 13, 9, 0, 0, 0, 0, 0, 0, 0, 0, 16, 6, 24, 0, 18, 13, 9, 0, 0, 0, 0, 0, 0, 0, 0, 16, 6, 24, 0, 10, 34, 8, 33, 106, 30, 10, 13, 9, 0, 0, 0, 0, 0, 0, 0, 0, 16, 6, 24, 0, 18, 13, 9, 0, 0, 0, 0, 0, 0, 0, 0, 16, 6, 24, 0, 10, 34, 8, 34, 106, 30, 10, 13, 9, 0, 0, 0, 0, 0, 0, 0, 0, 16, 6, 24, 0, 18, 13, 9, 0, 0, 0, 0, 0, 0, 0, 0, 16, 6, 24, 0, 10, 34, 8, 35, 106, 30, 10, 13, 9, 0, 0, 0, 0, 0, 0, 0, 0, 16, 6, 24, 0, 18, 13, 9, 0, 0, 0, 0, 0, 0, 0, 0, 16, 6, 24, 0, 10, 5, 8, 229, 4, 24, 0, 10, 70, 8, 1, 16, 2, 26, 64, 10, 24, 8, 21, 42, 20, 13, 0, 0, 0, 63, 21, 0, 0, 0, 63, 29, 0, 0, 0, 63, 37, 0, 0, 128, 63, 10, 24, 8, 22, 42, 20, 13, 0, 0, 0, 63, 21, 0, 0, 0, 63, 29, 0, 0, 0, 63, 37, 0, 0, 128, 63, 10, 4, 8, 24, 24, 1, 10, 4, 8, 27, 24, 1, 10, 70, 8, 1, 16, 4, 26, 64, 10, 24, 8, 21, 42, 20, 13, 0, 0, 0, 63, 21, 0, 0, 0, 63, 29, 0, 0, 0, 63, 37, 0, 0, 128, 63, 10, 24, 8, 22, 42, 20, 13, 0, 0, 0, 63, 21, 0, 0, 0, 63, 29, 0, 0, 0, 63, 37, 0, 0, 128, 63, 10, 4, 8, 24, 24, 1, 10, 4, 8, 27, 24, 1, 10, 33, 8, 4, 16, 2, 26, 27, 10, 25, 8, 130, 4, 42, 20, 13, 231, 230, 102, 63, 21, 231, 230, 102, 63, 29, 231, 230, 102, 63, 37, 0, 0, 128, 63, 10, 33, 8, 4, 16, 4, 26, 27, 10, 25, 8, 130, 4, 42, 20, 13, 231, 230, 102, 63, 21, 231, 230, 102, 63, 29, 231, 230, 102, 63, 37, 0, 0, 128, 63, 10, 31, 8, 6, 16, 1, 26, 25, 10, 4, 8, 26, 24, 5, 10, 17, 8, 30, 50, 13, 9, 0, 0, 0, 0, 0, 0, 240, 63, 16, 6, 24, 0, 24, 61, 66, 33, 8, 160, 128, 64, 18, 8, 8, 130, 129, 65, 16, 1, 24, 1, 24, 255, 255, 255, 255, 255, 255, 255, 255, 255, 1, 32, 0, 40, 0, 56, 1, 64, 1])::size:820::ins:7
1692c1692
< path:["4", "5", "6", "13", "10"]::reference:Ok([0, 24, 0, 240, 0, 2])::ref_data:Ok([0, 2, 1, 13, 0, 0, 0, 0, 1])::size:9::ins:1e
---
> path:["4", "5", "6", "13", "10"]::reference:Ok([0, 24, 0, 240, 0, 2])::ref_data:Ok([0, 2, 1, 14, 0, 0, 0, 0, 1])::size:9::ins:1e
1705c1705
< path:["4", "5", "6", "13", "21"]::reference:3::ref_data:Ok([0, 2, 1, 13, 0, 0, 0, 0, 1])::size:9::ins:e
---
> path:["4", "5", "6", "13", "21"]::reference:3::ref_data:Ok([0, 2, 1, 14, 0, 0, 0, 0, 1])::size:9::ins:e
1708c1708
< path:["4", "5", "6"]::reference:16::ref_data:Ok([56, 54, 59, 52, 49, 122, 104])::size:7::ins:6
---
> path:["4", "5", "6"]::reference:16::ref_data:Ok([56, 54, 59, 52, 49, 63, 46, 122, 104])::size:9::ins:6
1719c1719
< path:["4", "5", "6"]::reference:252::ref_data:Ok([1, 15])::size:2::ins:2
---
> path:["4", "5", "6"]::reference:252::ref_data:Ok([1, 16])::size:2::ins:2
1722c1722
< path:["4", "5", "6"]::reference:64515::ref_data:Ok([8, 159, 162, 84, 128, 5, 115, 21, 96])::size:9::ins:e
---
> path:["4", "5", "6"]::reference:64515::ref_data:Ok([8, 159, 162, 84, 128, 5, 115, 57, 64])::size:9::ins:e
