7,9c7,9
< [[2]]::reference:6::ref_data:[4, 37, 0, 240, 7, 196, 5, 20, 0, 0, 0, 0, 3, 159, 4, 36, 18, 5, 66, 128, 2, 0, 0, 0, 0, 66, 144, 0, 0, 0, 8, 2, 0, 0, 0, 15, 0, 0, 0, 0, 0, 0, 0, 0, 0, 1]::size:46::delayed:false::ins:6
< [[2]]::reference:8::ref_data:[78, 152, 78, 152, 78, 152, 0, 0, 0, 0, 0, 0, 0, 0, 0, 0, 0, 0, 0, 0, 0, 0, 0, 0, 0, 0, 0, 0, 0, 0, 0, 0, 0, 0, 0, 0, 0, 0, 0, 0, 0, 0, 7, 10, 10, 40, 53, 122, 104, 106, 116, 107, 116, 104, 0, 0, 0, 0, 0, 0, 0, 0, 0, 0, 0, 0, 0, 0, 0, 0, 0, 0, 0, 0, 0, 0, 0, 0, 0, 0, 0, 0, 0, 0, 0, 0, 0, 0, 0, 0, 0, 0, 0, 0, 0, 0, 0, 0, 0, 0, 0, 0, 0, 0, 0, 0, 0, 0, 0, 0, 0, 0, 0, 0, 0, 0, 0, 0, 0, 0, 0, 0, 0, 0, 0, 0, 0, 0, 0, 1, 0, 0, 0, 6, 8, 107, 122, 107, 110, 116, 108, 116, 107, 0, 0, 0, 1, 8, 107, 122, 107, 111, 116, 105, 116, 107, 0, 0, 0, 0, 0, 0, 0, 0, 0, 0, 0, 0, 0, 0, 0, 0, 0, 0, 0, 0, 0, 0, 0, 0, 0, 0, 0, 0, 0, 0, 0, 0, 0, 0, 0, 0, 0, 0, 0, 0, 0, 0, 0, 0, 0, 0, 0, 0, 0, 0, 0, 0, 0, 0, 0, 0, 0, 0, 0, 0, 0, 0, 0, 0, 0, 0, 0, 0, 0, 0]::size:226::delayed:false::ins:6
< [[2]]::reference:9::ref_data:[0, 0, 0, 0, 11, 251, 83, 44, 0, 0, 0, 0, 11, 251, 83, 44, 0, 0, 0, 0, 11, 251, 83, 44, 0, 0, 0, 0, 0, 0, 0, 0, 0, 0, 0, 0, 7, 9, 104, 106, 107, 106, 104, 106, 104, 106, 110, 0, 0, 0, 0, 0, 0, 0, 0, 0, 0, 0, 0, 0, 0, 0, 0, 0, 0, 0, 0, 0, 0, 0, 0, 0, 0, 0, 0, 0, 0, 0, 0, 0, 0, 0, 0, 0, 0, 0, 0, 0, 0, 0, 0, 0, 0, 0, 0, 0, 0, 0, 0, 0, 0, 0, 0, 0, 0, 0, 0, 0, 0, 0, 0, 0, 0, 0, 0, 0, 0, 0, 0, 0, 0, 0]::size:122::delayed:false::ins:6
---
> [[2]]::reference:6::ref_data:[3, 105, 2, 95, 7, 8, 6, 131, 0, 0, 0, 0, 3, 159, 4, 36, 18, 5, 66, 128, 2, 0, 0, 0, 0, 66, 144, 0, 0, 0, 8, 2, 0, 0, 0, 15, 0, 0, 0, 0, 0, 0, 0, 0, 0, 1]::size:46::delayed:false::ins:6
> [[2]]::reference:8::ref_data:[78, 152, 78, 152, 78, 152, 0, 0, 0, 0, 0, 0, 0, 0, 0, 0, 0, 0, 0, 0, 0, 0, 0, 0, 0, 0, 0, 0, 0, 0, 0, 0, 0, 0, 0, 0, 0, 0, 0, 0, 0, 0, 8, 10, 10, 40, 53, 122, 104, 106, 116, 107, 116, 104, 0, 0, 0, 0, 0, 0, 0, 0, 0, 0, 0, 0, 0, 0, 0, 0, 0, 0, 0, 0, 0, 0, 0, 0, 0, 0, 0, 0, 0, 0, 0, 0, 0, 0, 0, 0, 0, 0, 0, 0, 0, 0, 0, 0, 0, 0, 0, 0, 0, 0, 0, 0, 0, 0, 0, 0, 0, 0, 0, 0, 0, 0, 0, 0, 0, 0, 0, 0, 0, 0, 0, 0, 0, 0, 0, 2, 0, 0, 0, 6, 8, 107, 122, 107, 110, 116, 108, 116, 107, 0, 0, 0, 1, 8, 107, 122, 107, 111, 116, 105, 116, 107, 0, 0, 0, 1, 8, 107, 122, 107, 111, 116, 105, 116, 104, 0, 0, 0, 0, 0, 0, 0, 0, 0, 0, 0, 0, 0, 0, 0, 0, 0, 0, 0, 0, 0, 0, 0, 0, 0, 0, 0, 0, 0, 0, 0, 0, 0, 0, 0, 0, 0, 0, 0, 0, 0, 0, 0, 0, 0, 0, 0, 0, 0, 0, 0, 0, 0, 0, 0, 0, 0, 0, 0, 0, 0, 0, 0, 0, 0]::size:234::delayed:false::ins:6
> [[2]]::reference:9::ref_data:[0, 0, 0, 0, 11, 251, 83, 44, 0, 0, 0, 0, 11, 251, 83, 44, 0, 0, 0, 0, 11, 251, 83, 44, 0, 0, 0, 0, 0, 0, 0, 0, 0, 0, 0, 0, 8, 9, 104, 106, 107, 106, 104, 106, 104, 106, 110, 0, 0, 0, 0, 0, 0, 0, 0, 0, 0, 0, 0, 0, 0, 0, 0, 0, 0, 0, 0, 0, 0, 0, 0, 0, 0, 0, 0, 0, 0, 0, 0, 0, 0, 0, 0, 0, 0, 0, 0, 0, 0, 0, 0, 0, 0, 0, 0, 0, 0, 0, 0, 0, 0, 0, 0, 0, 0, 0, 0, 0, 0, 0, 0, 0, 0, 0, 0, 0, 0, 0, 0, 0, 0, 0]::size:122::delayed:false::ins:6
1369c1369
< [[23]].[[1]].[[1]]::reference:0::ref_data:[1, 2]::size:2::delayed:false::ins:2
---
> [[23]].[[1]].[[1]]::reference:0::ref_data:[1, 3]::size:2::delayed:false::ins:2
1372a1373
> [[23]].[[1]].[[1]].[[1]]::simple:NA::data:[18, 15, 18, 37, 18, 61, 18, 80, 18, 107, 18, 163, 0, 0, 0, 1, 3]::size:17::delayed:false::ins:1a
1378a1380
> [[23]].[[1]].[[1]].[[3]]::simple:NA::data:[0, 0, 0, 3, 1, 3]::size:6::delayed:false::ins:1a
1380c1382
< [[23]].[[1]].[[1]]::reference:4::ref_data:[0, 0, 0, 2]::size:4::delayed:false::ins:3
---
> [[23]].[[1]].[[1]]::reference:4::ref_data:[0, 0, 0, 3]::size:4::delayed:false::ins:3
1385c1387,1388
< [[23]].[[1]].[[1]].[[7]]::simple:NA::data:[2, 64]::size:2::delayed:false::ins:0
---
> [[23]].[[1]].[[1]].[[7]]::simple:NA::data:[2, 0]::size:2::delayed:false::ins:0
> [[23]].[[1]].[[1]].[[7]]::simple:NA::data:[3, 64]::size:2::delayed:false::ins:0
1389a1393
> [[23]].[[1]].[[1]]::reference:252::ref_data:[1, 1]::size:2::delayed:false::ins:2
1391,1392c1395,1396
< [[23]].[[1]].[[1]]::simple:NA::data:[252, 2, 14]::size:3::delayed:false::ins:8
< [[23]].[[1]].[[1]]::reference:64515::ref_data:[8, 159, 162, 134, 128, 5, 135, 68, 160]::size:9::delayed:false::ins:e
---
> [[23]].[[1]].[[1]]::reference:64514::ref_data:[27, 62, 55, 51, 52]::size:5::delayed:false::ins:e
> [[23]].[[1]].[[1]]::reference:64515::ref_data:[8, 159, 164, 210, 128, 5, 120, 168, 80]::size:9::delayed:false::ins:e
1423a1428,1440
> [[23]].[[1]].[[5]]::push:[3]::data:NA::size:1::delayed:false::ins:20
> [[23]].[[1]].[[5]].[[3]]::noop:NA
> [[23]].[[1]].[[5]].[[3]]::reference:4::ref_data:[19, 161, 20, 254, 197, 96, 176, 47, 226, 195, 227, 212, 147, 152, 149, 227]::size:16::delayed:false::ins:6
> [[23]].[[1]].[[5]].[[3]]::reference:6::ref_data:[1, 188, 79, 103, 66, 79, 224, 67, 145, 244, 237, 59, 13, 185, 152, 124, 210, 66, 159, 26, 147, 139, 151, 164, 162, 8, 22, 146, 226, 126, 122, 135, 66, 222, 218, 51, 50, 1, 14, 238, 126, 176, 154, 29]::size:44::delayed:false::ins:6
> [[23]].[[1]].[[5]].[[3]]::reference:10::ref_data:[8, 159, 164, 210, 128, 5, 120, 166, 128]::size:9::delayed:false::ins:6
> [[23]].[[1]].[[5]].[[3]]::reference:11::ref_data:[1, 3]::size:2::delayed:false::ins:2
> [[23]].[[1]].[[5]].[[3]]::reference:16::ref_data:[59, 56, 57, 62, 63, 60]::size:6::delayed:false::ins:4
> [[23]].[[1]].[[5]].[[3]]::reference:216::ref_data:[50, 180, 74, 103, 133, 179, 67, 66, 188, 10, 115, 49, 21, 67, 179, 138]::size:16::delayed:false::ins:6
> [[23]].[[1]].[[5]].[[3]]::reference:252::ref_data:[1, 1]::size:2::delayed:false::ins:2
> [[23]].[[1]].[[5]].[[3]]::reference:64513::ref_data:[59, 62, 55, 51, 52]::size:5::delayed:false::ins:e
> [[23]].[[1]].[[5]].[[3]]::reference:64514::ref_data:[27, 62, 55, 51, 52]::size:5::delayed:false::ins:e
> [[23]].[[1]].[[5]].[[3]]::reference:64515::ref_data:[8, 159, 164, 210, 128, 5, 120, 167, 96]::size:9::delayed:false::ins:e
> [[23]].[[1]].[[5]].[[3]]::pop:NA::delayed:false
